wine_id,0,1,2
0,0.9896297499017123,0.10596658098334044,0.09697443902480599
1,0.3894953964482681,0.015910444142199835,0.9208909782991712
2,0.9772069192338338,0.07164703654477297,0.19983327839944792
3,0.9872882751404026,0.0,0.15893980549342826
4,0.9540380498918221,0.2996855007480496,0.0
5,0.859925531254204,0.48188560803226677,0.16826865860447024
6,0.7966154852978111,0.5776523306268954,0.1781054561349786
7,0.564556643951295,0.3747250282515587,0.7354297716113479
8,0.719535987538549,0.6941004948919297,0.022191566589660063
9,0.47014826513633423,0.6103144033137986,0.6375554390772751
10,0.7127409466232936,0.6988179830283261,0.06044641927156186
